EXPO_PUBLIC_PRIVATE_KEY=0x4a951912a7df56e62ddf9b5225c4915889af9290848ba8f078064b73f292211b
ACCOUNT_ID=0.0.5665027

OPERATOR_ACCOUNT_PRIVATE_KEY=0x487bd37821afebedddee40588d3c2cc9917da9f8673efb2ca962bdd3a6ae051e
OPERATOR_ACCOUNT_EVM_ADDRESS=0x648e206736d85f54ddebe666e442d236173b14c5
OPERATOR_ACCOUNT_ID=0.0.5665038